6.67408e-20
4
4
4
398.88
391.3
383.48
103.83
79.73
66.95
2
2
2103985767887.7188
2103985767887.717
0.0
86400.0
TDP_4.mat
TDS_4.mat
IDP.mat
IDS.mat
kw4a_tri.csv
kw4a_p_fixm.csv
kw4b_tri.csv
kw4b_p_fixm.csv
1.1799999999999997
2.292622e-16
6.55018e-17
-2.0523714931547142e-20
0.00017277588232829765
1.235223583843173e-20
-2.7945740581383816e-23
-4.773063840542304e-23
0.0007722695805284641
0.0
0.0
0.00014880749999999994
0.7660441965512426
0.6392666510320768
0.0671895662167408
0.5897463912909597
-0.740560640972407
0.3221321638735063
0.25568629781326013
-0.2071426704490655
-0.9443073817300055
1.0
0.0
0.0
0.0
1.0
0.0
0.0
0.0
1.0
1
1
5.0
1e-15
1
1
1.0
149597870.7
1e-05
1e-05
660.0
225.0
0.005
0.005
1.988e+30
